50
1251258889
563585314493
193304239021
808740501114
585009308145
479873043001
350291451765
895962401196
822840052492
746604815821
174108096561
858943449202
710501419111
513534958953
303994872890
14984588153
91402935881
364452040162
147312845241
165898617512
988525040437
445692312387
119083223975
4669331950
8911404767
377880184332
531662953581
571184423353
601763969848
607165746025
166234321116
663045136876
450788903470
352122562334
57039094211
607684560686
783318582720
802606280709
519882808924
301950132756
875972777490
726676229133
955900753807
925717947935
539353617969
142338328196
462080751976
235328226569
862239448225
209601123081
